tags: ["library"]
importance: 90
created_at: 2026-04-04T17:13:41.647838Z
updated_at: 2026-04-04T17:14:29.287961Z
